128 0.0032147413932374917 2.8432034864567594e-06 1.5529 14.1199
256 0.06676235072465779 1.7808272529064196e-05 11.7881 14.545
384 0.020194838140924373 2.8786942186209654e-06 39.1455 17.7085
512 1.8299479020383687 0.000161668227524589 89.9136 34.6411
640 0.5230464174250284 3.197775939826576e-05 183.585 59.4907
768 3.099096236798811 0.0001393657480396237 301.446 80.0935
896 3.2199701086241537 0.00011102479677038827 481.184 108.255
1024 1.9922453322478062 5.649189830857109e-05 717.978 112.593
1152 22.67175119443384 0.0005320594919172401 1024.29 198.199
1280 23.016569848561147 0.000445276969184326 1457.79 222.03
1408 14.425887995448237 0.0002428621125229432 1856.92 407.816
1664 52.56151389136422 0.0006671164479896211 3070.81 430.152
1792 48.36723533698878 0.0005494278151635353 3871.41 824.801
1920 91.94746797550306 0.0009244292820851251 4839.9 613.288
2048 12.62046053378498 0.00011505075076282649 6123.49 885.89
2176 77.8170404600461 0.0006428596041811399 6942.95 831.488
2304 104.49922363291043 0.0007863258301121624 8219.58 952.063
2432 100.60482486724231 0.0006919070692251397 9773.98 1316.92
2560 35.884225162442945 0.00022774013135483254 11395.5 1179.72
2688 53.7336096410282 0.00031505742353635723 13114.2 2015.65
2816 127.85099422657055 0.0006942929086329833 15605.4 1760.25
3072 328.13743229020974 0.0015422984890623571 20137.4 2107.49
3200 5617.363070711247 0.02500444643259119 23033.7 2281.51
3328 93.9125090222717 0.0003906485997503857 25435.6 2931.19
3456 123.01586536256355 0.000480310934418411 28461.8 4138.57
3712 177.12962127926133 0.0006174495231102576 35571.7 4153.74
3840 306.31769084820735 0.0010150845241079143 39370.3 4064.84
3968 1731.508741875658 0.0053974576523972495 42952.9 4529.5
4096 5345.348387305613 0.01582406309706065 47177.7 4523.65
