16 7.648024999823762e-08 2.3637791367630683e-09 0.00523 7.09248
32 1.0612634400000276e-06 9.698883182411935e-09 0.027191 9.89389
48 3.260468792394354e-06 1.5269155645670947e-08 0.083076 1.26818
64 8.269654040261843 0.023363401040036057 0.22912 6.57676
80 0.0027182349581399597 5.167475276247879e-06 0.369823 6.66728
96 6.277119769891753e-05 8.633281725282444e-08 0.636813 7.35825
112 0.18327673528766672 0.0001966721286207734 1.01694 10.507
128 0.0032147413932374917 2.8432034864567594e-06 1.49867 20.1335
144 0.0004448129185265575 3.119736973263127e-07 2.12289 8.18928
160 0.0026186594131082106 1.5888473184811844e-06 2.88811 13.2733
176 0.005133610314596056 2.6582535425729266e-06 3.8548 11.8563
192 0.0010284745004701956 4.53966260944863e-07 5.12628 9.40337
208 0.001722735955128594 6.609371232833366e-07 6.41155 6.63163
224 0.010925289982228503 3.8080051054059088e-06 8.04069 12.4691
240 0.1017368683254609 3.1374528622554104e-05 9.68784 8.7366
256 0.06676235072465779 1.7808272529064196e-05 12.217 22.2239
272 7.193330584375336 0.001747458772069107 14.5564 69.8435
288 0.07568859586324996 1.693904014441076e-05 16.1596 13.2133
304 0.016405553308220525 3.385865301299649e-06 19.233 11.6228
320 0.16621535415121882 3.1576821053280625e-05 22.3397 11.4215
336 0.5784099746002987 0.00010215507062944469 25.4809 10.2695
352 0.13039932713185898 2.1567715600984656e-05 30.7428 15.6333
368 0.016847545879993278 2.5214704977207513e-06 34.0517 17.5314
384 0.020194838140924373 2.8786942186209654e-06 39.5562 14.4369
400 0.12788324485882396 1.682050942217335e-05 44.7032 10.6088
416 0.2095579884083733 2.5820684419925055e-05 48.9202 17.9552
432 0.07745992812829103 8.992731377672717e-06 56.0091 16.8123
448 0.05908253425432268 6.447031410584886e-06 61.0245 8.85022
464 6.0302707884855415 0.0006213428441762633 67.9639 14.6716
480 0.4413051743633379 4.363753633700857e-05 77.3462 18.8815
496 0.22320041694634082 2.0758283567353853e-05 80.9755 13.9519
512 1.8299479020383687 0.000161668227524589 90.562 24.9483
