128 0.0 0.0 1.74787 8.44336
256 0.0 0.0 11.5228 53.1926
384 0.0 0.0 38.7819 43.005
512 0.0 0.0 92.4349 91.7258
640 0.0 0.0 179.851 67.2012
768 0.0 0.0 300.637 96.9966
896 9.999999999705041e-23 3.44800481276651e-27 496.957 213.71
1024 0.0 0.0 749.069 252.831
1152 0.0 0.0 1057.73 561.073
1280 0.0 0.0 1451.87 371.714
1408 0.0 0.0 1956.27 437.106
1536 9.999999999881224e-17 1.4619459174588118e-21 2475.8 633.558
1664 9.999999999242846e-11 1.2692096189363785e-15 3127.44 643.172
1792 0.0 0.0 3982.14 822.296
1920 0.0 0.0 4862.02 958.871
2048 0.0 0.0 5909.41 1100.3
2176 9.000000999684935e-14 7.435059826140706e-19 7142.82 1326.47
2304 0.0 0.0 8450.48 1517.59
2432 9.999999999881224e-17 6.8774839347514645e-22 10094.2 1845.41
2560 0.0 0.0 11818.5 2022.62
2688 0.0 0.0 13570.7 2487.69
2816 1.0000000000552074e-22 5.4304857602175675e-28 15580.2 2703.3
2944 0.0 0.0 17842.8 3015.05
3072 0.0 0.0 20202.3 3466.77
3200 0.0 0.0 22883.3 3928.99
3328 1.0000000000314904e-16 4.1597110811908907e-22 25645.3 4440.62
3456 0.0 0.0 28879.3 4864.01
3584 4.000000010108001e-12 1.4839897168088026e-17 32182.5 5465.62
3712 1.0000000000128557e-22 3.485864475851564e-28 35872.1 5969.65
3840 1.0000000000575112e-12 3.313831048594078e-18 39301.1 6600.41
3968 1.0001000000314876e-18 3.117513345410094e-24 43392.3 7336.31
4096 9.999999999464891e-13 2.9603446167648957e-18 47497.4 7971.87
