16 0.0 0.0 0.040245 6.04781
32 0.0 0.0 0.027431 6.52072
48 0.0 0.0 0.082956 8.48765
64 0.0 0.0 0.190988 4.81475
80 0.0 0.0 0.401523 12.383
96 0.0 0.0 0.665428 9.07643
112 0.0 0.0 1.00452 8.44152
128 0.0 0.0 1.51937 17.7082
144 0.0 0.0 2.12382 11.297
160 0.0 0.0 2.91652 8.69217
176 0.0 0.0 3.87315 9.37304
192 0.0 0.0 4.92714 19.5551
208 0.0 0.0 6.41051 12.0852
224 0.0 0.0 8.08865 8.71619
240 0.0 0.0 9.65014 13.3689
256 0.0 0.0 11.5222 13.2382
272 0.0 0.0 13.6832 25.8278
288 0.0 0.0 16.3636 12.6987
304 0.0 0.0 18.9019 12.3742
320 0.0 0.0 22.0863 62.0358
336 0.0 0.0 25.6939 15.3429
352 0.0 0.0 29.398 37.5702
368 0.0 0.0 33.626 12.147
384 0.0 0.0 39.6026 38.1224
400 0.0 0.0 43.579 16.0421
416 0.0 0.0 49.0713 75.5579
432 0.0 0.0 54.2666 14.3022
448 0.0 0.0 60.7717 19.518
464 0.0 0.0 67.2475 22.6417
480 0.0 0.0 74.3557 21.4616
496 0.0 0.0 82.2002 20.7039
512 0.0 0.0 91.1864 21.7318
