128 0.0038826064822236966 3.4338812789170782e-06 1.46587 0.94655
256 0.01605148508575262 4.281593110497193e-06 11.6802 6.70669
384 0.019301097297380873 2.7512950000037904e-06 38.9001 21.3339
512 0.34742518026960323 3.0693558559253394e-05 92.0943 49.3102
640 0.538315680240872 3.291128421795142e-05 173.614 93.8754
768 1.5622976225443463 7.02562167128188e-05 298.791 160.304
896 7.898794437578292 0.0002723509900959659 474.951 253.667
1024 5.089058603468389 0.00014430480847914736 723.67 381.779
1152 66.19394858514437 0.0015534361836528313 1003.02 535.788
1280 39.52756009330373 0.0007646974450755478 1378.45 738.47
1408 19.151847510729464 0.0003224243905567982 1876.25 1041.1
1664 18.1312185532131 0.00023012339682495968 3021.02 1581.56
1792 51.01143396661767 0.000579464600723292 3767.47 1973.4
1920 87.35616642319853 0.0008782688636278817 4609.06 2419.05
2048 17.577712944406713 0.00016024209778507447 5642.92 2939.63
2176 62.59361477979358 0.000517096334989312 6875.28 3607.7
2304 494.00654477660396 0.0037172535153645664 8108.7 4364.47
2432 135.1161021668911 0.0009292574822209992 9427.59 4925.73
2560 38.72940365812802 0.00024579712774815116 10971.5 5728.68
2688 156.4013262056176 0.0009170312435959466 12842.6 6663.16
2816 116.41017206919497 0.0006321636953182997 14825.8 7664.82
3072 133.33106312981374 0.0006266773521538426 19435.3 10067.0
3200 5513.145758838941 0.02454054617204959 21772.2 11246.7
3328 80.58217530780378 0.0003351983061315955 25370.6 13159.7
3456 83.45478018934577 0.0003258461283533456 29008.5 15018.8
3712 204.27107389099695 0.0007120608978233245 36691.6 19003.8
3840 315.23570609669594 0.0010446373039014426 39396.1 20916.5
3968 757.13815589145 0.0023601504483375655 43823.4 22927.8
4096 6751.088251115503 0.01998553484618153 48354.1 25408.8
