4 9.999999999242846e-11 3.3141766189157375e-11 0.000792 0.001413
5 0.0 0.0 0.001382 0.001904
6 1.999999999990678e-09 3.260538230724811e-10 0.000972 0.001684
7 1.0099999999235274e-08 1.3774755416581982e-09 0.001382 0.002465
8 4.622250000005851e-07 4.6380380578000484e-08 0.001513 0.003236
9 6.620000000049435e-08 5.345664818490079e-09 0.001934 0.002885
10 1.76000000001107e-08 1.2923595724189218e-09 0.003026 0.003867
11 9.089999999853315e-10 5.576144875726161e-11 0.003076 0.003607
12 2.1781289999902335e-08 1.1061056741469618e-09 0.003587 0.003957
13 6.284600000044822e-08 2.665073582051365e-09 0.003376 0.004548
14 2.9484579999992355e-06 1.0936569927753233e-07 0.003877 0.00522
15 3.95254899999203e-08 1.2871958303502048e-09 0.004438 0.00535
16 6.862224999973306e-08 2.1209115146831548e-09 0.005149 0.006191
17 1.770070000002902e-07 4.900526759043262e-09 0.005771 0.006933
18 2.564896900003422e-07 7.53903704816972e-09 0.006693 0.007865
19 1.2284456000047275e-07 2.608121991950866e-09 0.007273 0.008506
20 1.4772036810126603e-07 2.883293159479157e-09 0.008626 0.009748
21 1.1366400000010038e-06 2.1193282897223246e-08 0.009137 0.0111
22 2.185026000000431e-06 3.971795762826891e-08 0.01065 0.011501
23 3.6168824999894545e-07 5.793777233472299e-09 0.012994 0.012904
24 7.6188609999992995e-06 1.217362981358856e-07 0.012614 0.014287
25 2.941042899998138e-07 4.223202089363632e-09 0.014346 0.017343
26 0.00012268006049000145 1.6125976199027154e-06 0.01602 0.016441
27 7.172940890015505e-06 8.712659062287298e-08 0.017532 0.017973
28 5.37436400000082e-06 5.981442794663814e-08 0.019085 0.019968
29 9.344606100015276e-07 1.0051251761918836e-08 0.020879 0.021059
30 1.4620567560005997e-05 1.3609380715691745e-07 0.029926 0.022593
31 1.264528250000029e-06 1.2383724430200323e-08 0.025127 0.024346
32 1.2980771600011745e-06 1.1863123011764271e-08 0.027171 0.027221
33 9.410187999989858e-06 8.032738810774409e-08 0.030066 0.028844
34 2.4046889999966753e-06 1.9216032690654183e-08 0.032301 0.030748
35 1.7488849999985962e-06 1.3642287725746317e-08 0.035366 0.032661
36 7.385062066100068e-06 5.4843183218005355e-08 0.037911 0.035016
37 5.4607976500076835e-06 3.941923797596088e-08 0.040997 0.037511
38 4.242535372406639e-06 2.8495162651026297e-08 0.04292 0.040145
39 1.0121251419994475e-05 6.645948947597325e-08 0.047128 0.04229
40 0.0001606640992099662 1.0706155731557306e-06 0.061165 0.045566
41 8.982402904904257e-06 5.4403763972908193e-08 0.05324 0.04764
42 7.847041590002897e-06 4.646858378995298e-08 0.057989 0.06421
43 7.82550648999293e-06 3.9856189093463396e-08 0.060564 0.05323
44 6.187268606001527e-05 3.598642156565572e-07 0.065343 0.057167
45 2.218219732000429e-05 1.0709766916371882e-07 0.069461 0.059562
46 0.0002195848136199695 1.0782451109415951e-06 0.073308 0.062818
47 2.4998772900046557e-06 1.2248897899840751e-08 0.079369 0.074099
48 3.5579292263911715e-06 1.6662197552933245e-08 0.083496 0.070012
