128 0.007385537467737066 6.5319673681371496e-06 5.44291 4.25987
256 0.07562413010946525 2.0172074592115402e-05 42.8972 8.77802
384 0.16873093250447888 2.4051926364235508e-05 144.262 14.7736
512 12.414544709498424 0.0010967729936320844 340.043 24.7915
640 2.372103520234417 0.00014502452002495195 662.958 36.5875
768 6.712300419064169 0.00030185082923912007 1150.04 54.8344
896 14.887626863126014 0.0005133264257469139 1826.23 77.2358
1024 32.9163563693089 0.0009333727260415481 2722.16 114.486
1152 64.69240463463787 0.0015181980273875123 3880.56 144.884
1280 21.051535538515235 0.000407261551262478 5331.28 189.878
1408 9.679746328311314 0.00016296006476146526 7081.74 242.874
1664 311.7224720734756 0.003956415501235547 11699.4 381.234
1792 105.6538501727136 0.0012001753596120165 14587.7 466.348
1920 68.41038904625125 0.0006877901939620449 17928.5 565.182
2432 147.66467567701892 0.0010155599705142404 36417.5 1103.54
2560 91.09979646939156 0.0005781671338984909 42471.4 1280.34
2688 305.8416413630796 0.0017932478421179565 49173.5 1484.53
2816 304.55664606856436 0.0016538903034866255 56570.2 1712.28
3328 686.0984424466169 0.002853969067838755 93534.0 2773.23
4096 1129.8677623342408 0.003344795786364811 174131.0 5106.71
