16 8.784635999826271e-08 2.7150721004345065e-09 0.03028 1.15312
32 6.36688809996964e-07 5.818696997334857e-09 0.11228 1.57536
48 4.776616114100368e-06 2.236945039190456e-08 0.317479 2.05752
64 1.8680135960181754 0.005277506239019239 0.714878 2.41459
80 0.007952218146369917 1.511749031835549e-05 1.3636 2.84947
96 0.00014152445212653112 1.946466709278133e-07 2.33276 3.26007
112 0.038014350530420016 4.0792756512272075e-05 3.67255 3.77279
128 0.010750967761039915 9.50844415829959e-06 5.45211 4.25763
144 0.05361164282745205 3.760102671482847e-05 7.73583 4.77495
160 0.0050929072268852925 3.090074238064255e-06 10.672 5.26491
176 0.041438395821386094 2.1457367377018433e-05 14.0611 5.77791
192 0.005998764965473063 2.647840953196062e-06 18.2455 6.32863
208 0.0023887115370145565 9.164423177725279e-07 23.1932 6.90215
224 0.04923933238366378 1.7162348039161502e-05 28.9002 7.40679
240 0.038160978011316724 1.1768424923898307e-05 35.3834 7.97178
256 0.5579980149944392 0.00014884108504028052 42.9837 8.62814
272 2.5590839644622934 0.0006216722100711513 51.4659 9.20434
288 0.1845252096672512 4.129657709408019e-05 61.1299 9.98386
304 0.021406976922419187 4.418085693642683e-06 71.745 10.7705
320 0.036208982529890764 6.878814341228181e-06 83.6874 11.4926
336 1.717324016300869 0.000303302785018684 96.5941 12.369
352 0.02589503325358324 4.282972350973677e-06 111.106 13.1194
368 0.0370080238497954 5.5387675440028115e-06 127.03 14.063
384 0.17252114975841332 2.45922068269993e-05 144.254 15.1049
400 0.08024900526844375 1.0555168120171128e-05 162.997 15.985
416 0.7824302017386138 9.640712565125862e-05 183.354 16.7022
432 0.0400533193512031 4.650000980028752e-06 204.598 17.8256
448 0.06426016845862 7.012010058994527e-06 228.666 18.9796
464 31.151132684161116 0.0032097287269830586 253.419 20.0274
480 1.990638117233014 0.00019684007399167845 280.399 21.1131
496 0.8061886479707665 7.497787321509365e-05 309.263 22.67
512 5.944383081615179 0.0005251613313479623 340.176 24.023
544 0.2005261266433084 1.6233021345652187e-05 407.66 26.7161
560 0.26913048845776616 2.050237347209628e-05 444.572 27.6438
576 0.84984903657723 6.071143190029329e-05 485.047 29.4912
592 4.963440477041262 0.0003499890595794519 525.267 31.2781
608 11.350933130189459 0.0007520737717982634 570.018 32.8545
640 1.531345588544346 9.362266742432245e-05 664.463 36.6922
656 0.40405445892493735 2.3559101329539864e-05 713.919 38.4905
672 0.7075850401120638 4.0008110111144493e-05 767.093 40.7974
688 1.0329416262220859 5.650491809082871e-05 823.541 43.1893
704 1.5140927163508708 7.978930028192035e-05 881.595 44.7234
720 4.840879675181737 0.00024149302347684703 942.986 46.5473
736 1.8408701533613976 8.969825449025082e-05 1007.38 48.9853
752 0.9866381232371074 4.634833487694274e-05 1074.18 51.0258
768 8.011474787419147 0.0003602744449790179 1145.23 53.9018
784 0.37994372274304516 1.6657033893811575e-05 1221.41 56.5096
800 31.72343389179199 0.001352569135398762 1296.39 59.2593
832 23.90333160192006 0.0009406242932250741 1461.97 65.0108
848 5.101093276496582 0.00019649434057250338 1546.39 67.9655
864 2.1337539366571145 7.93930229054515e-05 1635.29 71.3097
880 3.6830956898685 0.00013357687799537852 1727.78 74.5259
896 3.907017860628619 0.00013471425178537318 1824.62 77.6802
928 6.862699893037675 0.00022505434341048798 2028.47 84.4084
944 18.053376634940538 0.000581178275734019 2134.14 88.3344
976 4.051437133986796 0.0001242513232734491 2359.38 95.286
992 2.9645351958448662 8.81411177423991e-05 2483.3 99.3791
1024 37.51525936231739 0.0010637787337790044 2729.83 107.767
