64 14.275806938588042 0.04033196564844461 0.708478 2.452
65 0.0006695333739000071 1.959661435509997e-06 0.739878 2.48468
66 5.586193560604464e-05 1.525181883171091e-07 0.778639 2.49871
67 2.2250734580104e-05 6.191880532344526e-08 0.813279 2.51927
68 7.265158413999974e-05 1.935827358731925e-07 0.847838 2.51715
69 0.026502064873920025 6.0077329433533696e-05 0.887799 2.60915
70 7.13798220993695e-05 1.723217952319818e-07 0.940678 2.62844
71 0.00010883172993002358 2.574789309263686e-07 0.955638 2.59695
72 5.8341686671938056e-05 1.3407838330076097e-07 1.01688 2.68243
73 0.0014219129042550098 3.2949646435533475e-06 1.04656 2.71468
74 4.1330887159785385e-05 9.192483844055493e-08 1.08568 2.68751
75 0.0005036508367199745 1.0760999697498416e-06 1.12368 2.76711
76 0.00010731377721051588 2.144322665891075e-07 1.18348 2.77103
77 5.7567342944079194e-05 1.1938516872001526e-07 1.218 2.78672
78 0.00016812043645562756 3.281445826998807e-07 1.28 2.80007
79 7.449468741357208e-05 1.506037933367588e-07 1.31228 2.83007
80 0.010605786202740027 2.0162031182665737e-05 1.3646 2.88999
81 0.003137013714999976 5.923555269784805e-06 1.41004 2.85867
82 9.364693316249868e-05 1.8816258519785987e-07 1.47048 2.93507
83 0.0006910045386525356 1.2547702453864361e-06 1.51824 2.98023
84 0.0002583416652799985 4.598777964830588e-07 1.57244 3.00279
85 0.0002152528917890213 3.788490882793523e-07 1.63428 3.06943
86 0.0038785588729863185 6.332441021830918e-06 1.68216 3.07071
87 0.007409386579311316 1.2455843481684311e-05 1.754 3.08815
88 0.00038404786369448067 6.287123174705226e-07 1.81736 3.15367
89 0.00011382493810000817 1.775351038900553e-07 1.86632 3.10295
90 0.001452213529782907 2.377693107151958e-06 1.93164 3.23715
91 5.1803496544388186e-05 8.000524112018222e-08 1.98804 3.17483
92 0.0002846794662272067 4.36080287646574e-07 2.05283 3.19739
93 0.0012320874620865621 1.8720778069760782e-06 2.12152 3.24551
94 0.0002580797419631675 3.7121989416961464e-07 2.1952 3.32999
95 0.000776292115742115 1.1083547680601337e-06 2.26736 3.27891
96 7.965936784301632e-05 1.0956008326387634e-07 2.33364 3.31735
97 0.9697285108669114 0.0013150254828856623 2.3978 3.39983
98 0.00010841813872435914 1.512088814738997e-07 2.47487 3.39771
99 0.0008611938834399344 1.1119589813873254e-06 2.55059 3.41311
100 0.0003511280180256918 4.679382020909556e-07 2.63011 3.41527
101 6.859532184357614e-05 8.787423795174549e-08 2.70839 3.48075
102 0.0001264380691868747 1.6762779509901336e-07 2.78735 3.50131
103 0.00012564672274960572 1.5718512853832774e-07 2.86747 3.56891
105 0.00019657997607531996 2.4452926219872696e-07 3.03467 3.60795
106 0.00027665506135407254 3.3258319525522175e-07 3.11815 3.64823
107 0.0031216686004077935 3.7272420831938163e-06 3.20163 3.62727
108 0.0014645351606400732 1.7214956909434939e-06 3.28631 3.75263
109 0.0004340533140470529 4.804654623975325e-07 3.39271 3.70575
110 0.0008791051575124723 1.014503358696683e-06 3.47519 3.74775
111 0.0044815382450660805 5.024187373808099e-06 3.57887 3.75447
112 0.0160294875292685 1.720105625044666e-05 3.66883 3.76367
113 0.0006137802748532967 6.633309098177781e-07 3.77879 3.81771
114 0.0866393519830318 9.260871380918696e-05 3.86767 3.84719
115 0.0019118058941381738 1.9942826812046058e-06 3.96959 3.87651
116 0.001675207207648684 1.7048526670325086e-06 4.06847 3.87695
117 0.0005356177825471005 5.282187693009768e-07 4.18155 3.91963
118 0.003957144839303039 3.937822687565638e-06 4.28251 3.93735
119 1.8873192909750331 0.001845347396334859 4.39307 4.02247
120 0.014401808943829423 1.378857723312693e-05 4.50243 4.01627
121 0.0009583347881743445 9.2451853788099e-07 4.61571 4.08607
122 0.000367667642759188 3.5417270099316466e-07 4.73599 4.05215
123 0.0007167965735350198 6.913202962896418e-07 4.85435 4.14379
124 0.001603353835632069 1.4358709867570826e-06 4.97203 4.14955
125 0.4433839077087232 0.00040447898610013926 5.09091 4.17963
126 0.013031620723836523 1.1624682238944169e-05 5.20595 4.20971
127 0.002126610660106455 1.9241657651948904e-06 5.33731 4.27035
128 0.01884238315541206 1.6664708891768686e-05 5.44187 4.25151
