128 0.0 0.0 5.45411 4.60235
256 0.0 0.0 42.9236 36.7157
384 0.0 0.0 143.926 122.71
512 0.0 0.0 342.214 291.157
640 0.0 0.0 670.368 569.19
768 0.0 0.0 1158.13 981.993
896 0.0 0.0 1838.1 1544.45
1024 0.0 0.0 2733.18 2302.2
1152 0.0 0.0 3893.27 3271.51
1280 0.0 0.0 5341.8 4458.57
1408 0.0 0.0 7107.71 5963.35
1536 9.999999999881224e-17 1.4619459174588118e-21 9228.65 7742.86
1664 0.0 0.0 11714.9 9773.37
1792 0.0 0.0 14632.5 12160.1
1920 0.0 0.0 17997.4 14996.3
2048 9.999999999881224e-15 9.116208755794448e-20 21836.4 18143.5
2176 9.000000000517602e-14 7.43505900071092e-19 26207.6 21724.7
2304 9.999999999242846e-11 7.524703946167369e-16 31144.3 25868.7
2432 4.0000000000175414e-20 2.7509935739453253e-25 36645.1 30477.9
2560 0.0 0.0 42763.1 35701.1
2688 9.999999999881224e-17 5.863323683627883e-22 49510.5 41079.1
2816 2.0000000000257115e-22 1.0860971519975156e-27 56918.3 47251.9
2944 1.0000000000131024e-10 5.122700883626561e-16 65049.3 54339.3
3072 1.0099999999237495e-10 4.74716529908576e-16 73871.2 61962.5
3200 1.0100000000553108e-12 4.495800384732775e-18 83550.3 70196.3
3328 1.0000000000314904e-16 4.1597110811908907e-22 93959.9 79000.3
3456 1.00010000005751e-12 3.904858241663654e-18 105213.0 88224.3
3584 4.000000010008001e-12 1.4839897167717024e-17 117358.0 98270.5
3712 1.0000000000128557e-22 3.485864475851564e-28 130309.0 109364.0
3840 0.0 0.0 144179.0 120876.0
3968 1.000101000146488e-12 3.1175164629701983e-18 159049.0 133440.0
4096 2.010000000215598e-12 5.9502926806540904e-18 174637.0 146686.0
