16 0.0 0.0 0.0268 0.03376
32 0.0 0.0 0.103839 0.10376
48 0.0 0.0 0.31276 0.27788
64 0.0 0.0 0.713159 0.614319
80 0.0 0.0 1.36204 1.13612
96 0.0 0.0 2.33824 1.94764
112 0.0 0.0 3.66911 3.12791
128 0.0 0.0 5.46251 4.60779
144 0.0 0.0 7.74575 6.58683
160 0.0 0.0 10.5893 8.95294
176 0.0 0.0 14.0676 11.9189
192 0.0 0.0 18.2669 15.5806
208 0.0 0.0 23.1796 19.7482
224 0.0 0.0 28.8723 24.5767
240 0.0 0.0 35.4749 30.327
256 0.0 0.0 42.9599 36.71
272 0.0 0.0 51.4052 44.0187
288 0.0 0.0 60.979 52.2543
304 0.0 0.0 71.6887 61.2586
320 0.0 0.0 83.4835 71.6183
336 0.0 0.0 96.6444 82.8079
352 0.0 0.0 111.007 95.0027
368 0.0 0.0 126.907 108.719
384 0.0 0.0 143.9 122.66
400 0.0 0.0 162.592 138.584
416 0.0 0.0 183.17 157.378
432 0.0 0.0 205.149 174.211
448 0.0 0.0 228.829 194.167
464 0.0 0.0 254.528 215.676
480 0.0 0.0 280.411 238.845
496 0.0 0.0 309.388 263.362
512 0.0 0.0 340.729 292.0
