4 0.0 0.0 0.01364 0.02104
5 0.0 0.0 0.01824 0.04044
6 0.0 0.0 0.0194 0.021
7 0.0 0.0 0.0164 0.0222
8 0.0 0.0 0.02008 0.02052
9 0.0 0.0 0.02108 0.02328
10 0.0 0.0 0.01664 0.02456
11 0.0 0.0 0.02236 0.0266
12 0.0 0.0 0.02528 0.0252
13 0.0 0.0 0.02636 0.02696
14 0.0 0.0 0.02932 0.042
15 0.0 0.0 0.02504 0.02768
16 0.0 0.0 0.02672 0.04184
17 0.0 0.0 0.03368 0.03708
18 0.0 0.0 0.03672 0.04704
19 0.0 0.0 0.03876 0.0396
20 0.0 0.0 0.04312 0.04468
21 0.0 0.0 0.04752 0.05456
22 0.0 0.0 0.0522 0.059319
23 0.0 0.0 0.04888 0.05528
24 0.0 0.0 0.0566 0.05608
25 0.0 0.0 0.0612 0.07184
26 0.0 0.0 0.06636 0.07692
27 0.0 0.0 0.07756 0.0698
28 0.0 0.0 0.09504 0.07868
29 0.0 0.0 0.087799 0.08332
30 0.0 0.0 0.09508 0.1054
31 0.0 0.0 0.09464 0.10536
32 0.0 0.0 0.10724 0.115
33 0.0 0.0 0.116639 0.12056
34 0.0 0.0 0.12804 0.11724
35 0.0 0.0 0.1358 0.126879
36 0.0 0.0 0.14912 0.142359
37 0.0 0.0 0.160639 0.14416
38 0.0 0.0 0.16872 0.15096
39 0.0 0.0 0.1788 0.163079
40 0.0 0.0 0.19456 0.173799
41 0.0 0.0 0.201279 0.18176
42 0.0 0.0 0.218759 0.204999
43 0.0 0.0 0.233519 0.218359
44 0.0 0.0 0.240839 0.224399
45 0.0 0.0 0.2594 0.23936
46 0.0 0.0 0.281879 0.2556
47 0.0 0.0 0.297079 0.267199
48 0.0 0.0 0.3172 0.27272
49 0.0 0.0 0.326079 0.300439
50 0.0 0.0 0.354479 0.333039
51 0.0 0.0 0.38896 0.323719
52 0.0 0.0 0.390679 0.392079
53 0.0 0.0 0.411639 0.358799
54 0.0 0.0 0.437839 0.37624
55 0.0 0.0 0.462719 0.399279
56 0.0 0.0 0.484439 0.420599
57 0.0 0.0 0.511278 0.454079
58 0.0 0.0 0.535879 0.454999
59 0.0 0.0 0.582438 0.483039
60 0.0 0.0 0.587039 0.497719
61 0.0 0.0 0.615479 0.524079
62 0.0 0.0 0.644719 0.556999
63 0.0 0.0 0.682759 0.606759
64 0.0 0.0 0.713638 0.605279
