128 0.0 0.0 1.51897 2.2598
256 0.0 0.0 11.849 10.9029
384 0.0 0.0 39.5713 35.5602
512 0.0 0.0 92.9252 81.6872
640 0.0 0.0 196.209 157.221
768 0.0 0.0 308.003 279.297
896 9.999999999705041e-23 3.44800481276651e-27 510.16 433.262
1024 0.0 0.0 731.538 641.961
1152 0.0 0.0 1048.3 946.826
1280 0.0 0.0 1431.9 1259.47
1408 0.0 0.0 1917.1 1709.19
1536 9.999999999881224e-17 1.4619459174588118e-21 2483.21 2339.11
1664 9.999999999242846e-11 1.2692096189363785e-15 3117.56 2924.73
1792 0.0 0.0 4040.3 3639.84
1920 0.0 0.0 5063.58 4257.32
2048 0.0 0.0 6126.03 5283.57
2176 8.099999999966241e-13 6.6915531002271e-18 7676.24 6688.59
2304 0.0 0.0 8555.91 7776.25
2432 0.0 0.0 10048.3 9074.66
2560 0.0 0.0 11904.0 10337.8
2688 0.0 0.0 13826.7 12130.7
2816 1.0000000000552074e-22 5.4304857602175675e-28 16100.2 14418.9
2944 0.0 0.0 17762.2 15615.2
3072 9.999999999464891e-13 4.700163662564481e-18 21081.5 18492.3
3200 0.0 0.0 23581.7 21315.4
3328 1.0000000000314904e-16 4.1597110811908907e-22 26408.7 22877.8
3456 0.0 0.0 29057.7 25393.5
3584 1.0000000000464891e-12 3.709974282819374e-18 32674.0 28334.5
3712 1.0000000000128557e-22 3.485864475851564e-28 35728.0 31549.1
3840 1.0000000000575112e-12 3.313831048594078e-18 39296.0 34642.3
3968 1.0001000000314876e-18 3.117513345410094e-24 43743.0 38430.0
4096 2.0000000000040006e-12 5.920689233858456e-18 49254.5 42359.9
