4 0.0 0.0 0.000811 0.003136
5 0.0 0.0 0.001022 0.001382
6 0.0 0.0 0.001222 0.002575
7 0.0 0.0 0.001282 0.001854
8 0.0 0.0 0.001823 0.002584
9 0.0 0.0 0.002034 0.003116
10 0.0 0.0 0.002214 0.003937
11 0.0 0.0 0.002635 0.003146
12 0.0 0.0 0.003196 0.003927
13 0.0 0.0 0.003486 0.00556
14 0.0 0.0 0.003978 0.004338
15 0.0 0.0 0.004528 0.004639
16 0.0 0.0 0.005541 0.005481
17 0.0 0.0 0.005891 0.006953
18 0.0 0.0 0.006723 0.007424
19 0.0 0.0 0.007374 0.010379
20 0.0 0.0 0.008516 0.011311
21 0.0 0.0 0.009688 0.01087
22 0.0 0.0 0.01062 0.011983
23 0.0 0.0 0.011952 0.013034
24 0.0 0.0 0.013536 0.013996
25 0.0 0.0 0.014287 0.015519
26 0.0 0.0 0.015739 0.018234
27 0.0 0.0 0.018044 0.018435
28 0.0 0.0 0.027462 0.021521
29 0.0 0.0 0.02107 0.022412
30 0.0 0.0 0.038592 0.024245
31 0.0 0.0 0.025167 0.025688
32 0.0 0.0 0.027171 0.028153
33 0.0 0.0 0.029916 0.030247
34 0.0 0.0 0.03187 0.032942
35 0.0 0.0 0.034585 0.035526
36 0.0 0.0 0.03722 0.038041
37 0.0 0.0 0.040526 0.040346
38 0.0 0.0 0.043421 0.043441
39 0.0 0.0 0.046066 0.046677
40 0.0 0.0 0.075449 0.050304
41 0.0 0.0 0.05345 0.05356
42 0.0 0.0 0.057348 0.057618
43 0.0 0.0 0.060864 0.059632
44 0.0 0.0 0.064862 0.065262
45 0.0 0.0 0.06944 0.068609
46 0.0 0.0 0.074229 0.073588
47 0.0 0.0 0.078417 0.076885
48 0.0 0.0 0.093405 0.082625
49 0.0 0.0 0.088385 0.085671
50 0.0 0.0 0.093345 0.090219
51 0.0 0.0 0.098655 0.095569
52 0.0 0.0 0.105027 0.102883
53 0.0 0.0 0.110527 0.10698
54 0.0 0.0 0.116639 0.11231
55 0.0 0.0 0.130705 0.119093
56 0.0 0.0 0.134622 0.21337
57 0.0 0.0 0.136196 0.131407
58 0.0 0.0 0.144541 0.138429
59 0.0 0.0 0.150112 0.157736
60 0.0 0.0 0.157916 0.151334
61 0.0 0.0 0.166512 0.159368
62 0.0 0.0 0.376116 0.165801
63 0.0 0.0 0.18173 0.173184
64 0.0 0.0 0.198463 0.18137
65 0.0 0.0 0.200917 0.188694
66 0.0 0.0 0.20803 0.197591
67 0.0 0.0 0.217648 0.206768
68 0.0 0.0 0.226825 0.22376
69 0.0 0.0 0.237194 0.233948
70 0.0 0.0 0.252593 0.231114
71 0.0 0.0 0.281227 0.247574
72 0.0 0.0 0.267411 0.252794
73 0.0 0.0 0.281298 0.263293
74 0.0 0.0 0.290094 0.273863
75 0.0 0.0 0.309951 0.405621
76 0.0 0.0 0.315442 0.310251
77 0.0 0.0 0.342352 0.304932
78 0.0 0.0 0.337833 0.317635
79 0.0 0.0 0.351709 0.327655
80 0.0 0.0 0.37359 0.339918
81 0.0 0.0 0.378059 0.377979
82 0.0 0.0 0.396193 0.396794
83 0.0 0.0 0.409408 0.37882
84 0.0 0.0 0.420448 0.392887
85 0.0 0.0 0.462206 0.405891
86 0.0 0.0 0.461185 0.420498
87 0.0 0.0 0.493165 0.431759
88 0.0 0.0 0.505428 0.464441
89 0.0 0.0 0.515988 0.468699
90 0.0 0.0 0.52856 0.498239
91 0.0 0.0 0.538199 0.501059
92 0.0 0.0 0.561673 0.508363
93 0.0 0.0 0.572202 0.525144
94 0.0 0.0 0.595887 0.54931
95 0.0 0.0 0.639529 0.69824
96 0.0 0.0 0.641773 0.572794
97 0.0 0.0 0.652543 0.606005
98 0.0 0.0 0.700854 0.612488
99 0.0 0.0 0.692498 0.760867
100 0.0 0.0 0.713398 0.662301
101 0.0 0.0 0.733094 0.664475
102 0.0 0.0 0.754635 0.756109
103 0.0 0.0 0.783108 0.711403
104 0.0 0.0 0.805721 0.750697
105 0.0 0.0 0.848111 0.751519
106 0.0 0.0 0.851636 0.827591
107 0.0 0.0 0.873528 0.841768
108 0.0 0.0 0.897633 0.819406
109 0.0 0.0 0.956864 0.846096
110 0.0 0.0 0.977338 0.85328
111 0.0 0.0 1.00344 0.879649
112 0.0 0.0 1.002 0.921097
113 0.0 0.0 1.0325 0.933139
114 0.0 0.0 1.10641 0.94921
115 0.0 0.0 1.08342 0.982291
116 0.0 0.0 1.16845 1.00601
117 0.0 0.0 1.13198 1.04239
118 0.0 0.0 1.17528 1.05424
119 0.0 0.0 1.23328 1.07191
120 0.0 0.0 1.22656 1.10252
121 0.0 0.0 1.33492 1.1629
122 0.0 0.0 1.29829 1.18262
123 0.0 0.0 1.33153 1.21572
124 0.0 0.0 1.38156 1.41771
125 0.0 0.0 1.55144 1.50045
126 0.0 0.0 1.4172 1.27248
127 0.0 0.0 1.49616 1.34618
128 0.0 0.0 1.49657 1.34621
