4 9.999999999242846e-11 3.3141766189157375e-11 0.01756 0.02328
5 0.0 0.0 0.01584 0.01888
6 1.999999999990678e-09 3.260538230724811e-10 0.01608 0.01952
7 1.0099999999235274e-08 1.3774755416581982e-09 0.02136 0.0218
8 4.622250000005851e-07 4.6380380578000484e-08 0.02192 0.02396
9 6.620000000049435e-08 5.345664818490079e-09 0.02176 0.01784
10 1.2800000000065571e-08 9.39897870849028e-10 0.02456 0.02488
11 1.409000000018528e-09 8.643331276268714e-11 0.01792 0.02548
12 1.9418289999969833e-08 9.861069179692364e-10 0.02632 0.02728
13 2.2146000000625496e-08 9.391324754058425e-10 0.02344 0.02352
14 8.222529999998684e-07 3.0499425234498074e-08 0.0314 0.03104
15 6.152949000001517e-08 2.0037829504897687e-09 0.02988 0.03288
16 8.357924999972019e-08 2.5831883057416243e-09 0.03344 0.0324
17 1.6499525000037847e-07 4.567975491028952e-09 0.0364 0.03728
18 4.145439599992669e-07 1.2184748137538357e-08 0.039519 0.03804
19 3.921096000049341e-08 8.324908087293328e-10 0.03796 0.04188
20 7.693236810044543e-08 1.5016112776979043e-09 0.045919 0.04468
21 3.507160000016944e-07 6.5392942396993715e-09 0.04804 0.04928
22 2.333420000002323e-06 4.2415365624495654e-08 0.04756 0.04512
23 1.3840561000008655e-07 2.2170785813630537e-09 0.05632 0.05332
24 3.907874999999766e-06 6.244112290246392e-08 0.05936 0.059519
25 3.261402899991606e-07 4.683224288061178e-09 0.059959 0.0576
26 0.00651116549216 8.558758394405632e-05 0.084959 0.06616
27 1.7105850400006742e-06 2.077773186632622e-08 0.07048 0.0716
28 4.049451000009032e-06 4.5068699303479456e-08 0.08076 0.07496
29 7.698800000017219e-07 8.280988651272022e-09 0.088319 0.077759
30 9.52232490002109e-07 8.863742418413009e-09 0.08996 0.082919
31 2.628460249997265e-06 2.5740925449234394e-08 0.1038 0.08948
32 8.30962489999085e-07 7.594163537252412e-09 0.11048 0.094959
