128 0.0 0.0 5.46007 4.32611
256 0.0 0.0 42.8977 9.5577
384 0.0 0.0 143.931 18.1704
512 0.0 0.0 342.351 32.1761
640 0.0 0.0 672.509 52.8411
768 0.0 0.0 1158.18 81.7801
896 0.0 0.0 1837.44 120.62
1024 0.0 0.0 2734.82 172.852
1152 0.0 0.0 3895.19 236.754
1280 0.0 0.0 5338.76 318.328
1408 0.0 0.0 7107.41 414.595
1536 1.0000009999881224e-16 1.4619473794047292e-21 9223.75 535.625
1664 0.0 0.0 11715.0 665.856
1792 0.0 0.0 14622.8 819.602
1920 0.0 0.0 17987.8 999.255
2048 1.0000000099881224e-14 9.116208846956536e-20 21842.1 1216.65
2176 0.0 0.0 26225.3 1441.62
2304 9.999999999242846e-11 7.524703946167369e-16 31147.7 1704.22
2432 9.999999998688602e-21 6.87748393393124e-26 36632.3 1992.45
2560 0.0 0.0 42741.5 2328.03
2688 0.0 0.0 49528.4 2686.34
2816 9.999999999262845e-11 5.430485759517454e-16 56926.2 3082.13
2944 1.0000000000131024e-10 5.122700883626561e-16 65136.6 3516.66
3072 9.999999999242846e-11 4.700163662460116e-16 73909.1 3988.55
3200 9.999999997799556e-15 4.451287508413164e-20 83573.6 4518.97
3328 1.0000000000314904e-16 4.1597110811908907e-22 93972.5 5113.15
3456 1.00010100005751e-12 3.904862146131449e-18 105227.0 5699.85
3584 0.0 0.0 117270.0 6377.16
3712 9.999999999953488e-09 3.4858644757905366e-14 130346.0 7137.33
3840 0.0 0.0 144222.0 7798.31
3968 1.000101000046488e-12 3.117516462658478e-18 158959.0 8629.82
4096 1.0000000000314906e-18 2.9603446170165295e-24 174684.0 9459.83
