64 0.0 0.0 0.705758 3.05371
65 0.0 0.0 0.748839 2.49212
66 0.0 0.0 0.778279 2.52475
67 0.0 0.0 0.824558 2.52503
68 0.0 0.0 0.847878 2.5974
69 0.0 0.0 0.903799 2.64623
70 0.0 0.0 0.938998 2.66019
71 0.0 0.0 0.961918 2.64423
72 0.0 0.0 1.00216 2.72808
73 0.0 0.0 1.03768 2.72167
74 0.0 0.0 1.0818 2.69415
75 0.0 0.0 1.12752 2.75196
76 0.0 0.0 1.17392 2.77196
77 0.0 0.0 1.21636 2.86791
78 0.0 0.0 1.26908 2.78843
79 0.0 0.0 1.32508 2.89291
80 0.0 0.0 1.36428 2.92923
81 0.0 0.0 1.41444 2.98147
82 0.0 0.0 1.45928 3.01735
83 0.0 0.0 1.53068 2.99451
84 0.0 0.0 1.5702 3.07355
85 0.0 0.0 1.62604 3.06899
86 0.0 0.0 1.68588 3.09875
87 0.0 0.0 1.74572 3.11375
88 0.0 0.0 1.80036 3.11471
89 0.0 0.0 1.8564 3.10703
90 0.0 0.0 1.926 3.25239
91 0.0 0.0 1.993 3.29023
92 0.0 0.0 2.05328 3.26835
93 0.0 0.0 2.13404 3.27991
94 0.0 0.0 2.19412 3.34919
95 0.0 0.0 2.25624 3.34351
96 0.0 0.0 2.327 3.37391
97 0.0 0.0 2.41047 3.38747
98 0.0 0.0 2.48803 3.41919
99 0.0 0.0 2.54759 3.46559
100 0.0 0.0 2.63707 3.52059
101 0.0 0.0 2.70535 3.51299
102 0.0 0.0 2.7798 3.66447
103 0.0 0.0 2.87203 3.60191
104 0.0 0.0 2.94959 3.59087
105 0.0 0.0 3.03339 3.67431
106 0.0 0.0 3.12807 3.66907
107 0.0 0.0 3.20843 3.65267
108 0.0 0.0 3.29955 3.76003
109 0.0 0.0 3.38883 3.78635
110 0.0 0.0 3.48675 3.80219
111 0.0 0.0 3.57187 3.78643
112 0.0 0.0 3.67559 3.90959
113 0.0 0.0 3.77115 3.89535
114 0.0 0.0 3.87287 3.91783
115 0.0 0.0 3.97359 3.90555
116 0.0 0.0 4.11031 3.93595
117 0.0 0.0 4.18303 4.09443
118 0.0 0.0 4.29219 4.12555
119 0.0 0.0 4.39295 4.08767
120 0.0 0.0 4.50659 4.12423
121 0.0 0.0 4.61711 4.09867
122 0.0 0.0 4.72975 4.16487
123 0.0 0.0 4.85423 4.16507
124 0.0 0.0 4.96927 4.24851
125 0.0 0.0 5.08735 4.27487
126 0.0 0.0 5.21683 4.29911
127 0.0 0.0 5.33051 4.33995
128 0.0 0.0 5.45831 4.38235
